[4, (348, 308)]
[5, (337, 303)]
[15, (259, 247)]
[49, (190, 226)]
[50, (191, 218)]
[51, (236, 222)]
[52, (202, 230)]
[53, (237, 198)]
[54, (244, 202)]
[55, (239, 184)]
[56, (241, 186)]
[57, (242, 188)]
[58, (239, 192)]
[59, (293, 217)]
[60, (245, 190)]
[61, (245, 187)]
[62, (243, 188)]
[63, (242, 189)]
[64, (242, 189)]
[65, (241, 188)]
[66, (242, 188)]
[67, (241, 188)]
[68, (240, 187)]
[69, (241, 188)]
[70, (244, 189)]
[71, (252, 200)]
[72, (253, 197)]
[73, (251, 175)]
[74, (248, 172)]
[75, (247, 175)]
[76, (247, 175)]
[77, (247, 177)]
[78, (247, 178)]
[79, (246, 179)]
[80, (246, 179)]
[81, (246, 179)]
[82, (246, 179)]
[83, (246, 179)]
[84, (247, 182)]
[85, (246, 182)]
[86, (247, 183)]
[87, (247, 184)]
[88, (246, 184)]
[89, (246, 184)]
[90, (244, 184)]
[91, (241, 183)]
[92, (241, 181)]
[93, (240, 182)]
[94, (238, 179)]
[95, (235, 179)]
[96, (232, 177)]
[97, (226, 176)]
[98, (222, 176)]
[99, (215, 214)]
[100, (200, 168)]
[101, (183, 167)]
[102, (176, 170)]
[103, (174, 164)]
[104, (171, 164)]
[105, (155, 156)]
[106, (148, 155)]
[107, (140, 161)]
[108, (140, 155)]
[109, (133, 157)]
[110, (140, 191)]
[111, (126, 166)]
[112, (136, 165)]
[113, (139, 164)]
[114, (127, 168)]
[115, (136, 216)]
[116, (122, 192)]
[117, (102, 195)]
[118, (97, 222)]
[119, (70, 222)]
[120, (67, 221)]
[121, (48, 187)]
[122, (78, 220)]
[123, (89, 221)]
[124, (96, 224)]
[125, (124, 197)]
[126, (129, 197)]
[127, (123, 196)]
[128, (147, 197)]
[129, (152, 196)]
[130, (170, 196)]
[131, (187, 197)]
[132, (207, 196)]
[133, (214, 197)]
[134, (236, 166)]
[135, (248, 162)]
[136, (272, 166)]
[137, (283, 165)]
[138, (300, 156)]
[139, (318, 164)]
[140, (341, 163)]
[141, (354, 165)]
[142, (374, 164)]
[143, (390, 167)]
[144, (406, 168)]
[145, (410, 169)]
[146, (419, 168)]
[147, (419, 168)]
[148, (413, 167)]
[149, (407, 166)]
[150, (396, 165)]
[151, (377, 164)]
[152, (348, 193)]
[153, (347, 164)]
[154, (329, 189)]
[155, (298, 159)]
[156, (273, 185)]
[157, (261, 185)]
[158, (231, 182)]
[159, (211, 181)]
[160, (199, 180)]
[161, (174, 180)]
[162, (160, 181)]
[163, (150, 181)]
[164, (147, 180)]
[165, (147, 185)]
[166, (146, 185)]
[167, (149, 185)]
[168, (146, 185)]
[169, (141, 184)]
[170, (133, 183)]
[171, (150, 182)]
[172, (151, 152)]
[173, (182, 179)]
[174, (204, 178)]
[175, (240, 176)]
[176, (245, 174)]
[177, (276, 172)]
[178, (304, 172)]
[179, (336, 174)]
[180, (348, 175)]
[181, (372, 176)]
[182, (404, 147)]
[183, (402, 177)]
[184, (436, 151)]
[185, (446, 153)]
[186, (448, 153)]
[187, (444, 154)]
[188, (435, 153)]
[189, (421, 155)]
[190, (404, 154)]
[191, (384, 157)]
[192, (351, 188)]
[193, (340, 189)]
[194, (324, 187)]
[195, (300, 187)]
[196, (265, 186)]
[197, (261, 185)]
[198, (238, 186)]
[199, (219, 185)]
[200, (196, 186)]
[201, (182, 188)]
[202, (172, 189)]
[203, (168, 190)]
[204, (148, 194)]
[205, (146, 195)]
[206, (137, 197)]
[207, (149, 195)]
[208, (151, 195)]
[209, (152, 195)]
[210, (157, 192)]
[211, (136, 191)]
[212, (152, 188)]
[213, (153, 186)]
[214, (189, 183)]
[215, (191, 182)]
[216, (195, 179)]
[217, (232, 178)]
[218, (261, 176)]
[219, (296, 173)]
[220, (325, 170)]
[221, (346, 170)]
[222, (360, 170)]
[223, (385, 172)]
[224, (420, 150)]
[225, (434, 150)]
[226, (439, 149)]
[227, (435, 149)]
[228, (427, 147)]
[229, (391, 176)]
[230, (393, 150)]
[231, (360, 175)]
[232, (326, 176)]
[233, (296, 177)]
[234, (270, 178)]
[235, (241, 179)]
[236, (205, 180)]
[237, (184, 180)]
[238, (165, 182)]
[239, (166, 186)]
[240, (166, 188)]
[241, (156, 187)]
[242, (187, 186)]
[243, (251, 186)]
[244, (272, 186)]
[245, (324, 187)]
[246, (348, 188)]
[247, (361, 188)]
[248, (379, 160)]
[249, (366, 163)]
[250, (342, 189)]
[251, (307, 190)]
[252, (252, 191)]
[253, (190, 194)]
[254, (163, 195)]
[255, (114, 196)]
[256, (81, 192)]
[257, (82, 191)]
[258, (102, 194)]
[259, (157, 193)]
[260, (216, 190)]
[261, (287, 188)]
[262, (317, 189)]
[263, (351, 192)]
[264, (379, 195)]
[265, (396, 169)]
[266, (394, 168)]
[267, (358, 197)]
[268, (342, 197)]
[269, (293, 197)]
[270, (223, 196)]
[271, (159, 196)]
[272, (133, 197)]
[273, (90, 196)]
[274, (80, 197)]
[275, (99, 197)]
[276, (151, 194)]
[277, (208, 201)]
[278, (278, 177)]
[279, (308, 187)]
[280, (346, 167)]
[281, (381, 164)]
[282, (400, 163)]
[283, (378, 159)]
[284, (390, 162)]
[285, (365, 179)]
[286, (329, 185)]
[287, (306, 186)]
[288, (249, 180)]
[289, (193, 186)]
[290, (140, 218)]
[291, (90, 187)]
[292, (63, 178)]
[293, (59, 177)]
[294, (104, 208)]
[295, (130, 207)]
[296, (200, 177)]
[297, (246, 178)]
[298, (275, 180)]
[299, (334, 184)]
[300, (366, 185)]
[301, (403, 160)]
[302, (409, 154)]
[303, (401, 154)]
[304, (344, 180)]
[305, (353, 182)]
[306, (322, 182)]
[307, (268, 183)]
[308, (238, 185)]
[309, (190, 190)]
[310, (134, 196)]
[311, (102, 198)]
[312, (87, 195)]
[313, (104, 198)]
[314, (154, 196)]
[315, (215, 192)]
[316, (250, 193)]
[317, (325, 195)]
[318, (367, 199)]
[319, (402, 202)]
[320, (432, 175)]
[321, (432, 174)]
[322, (393, 198)]
[323, (356, 199)]
[324, (338, 199)]
[325, (243, 189)]
[326, (192, 201)]
[327, (138, 204)]
[328, (117, 206)]
[329, (120, 208)]
[330, (108, 208)]
[331, (162, 219)]
[332, (183, 213)]
[333, (249, 203)]
[334, (326, 197)]
[335, (347, 182)]
[336, (389, 183)]
[337, (424, 162)]
[338, (426, 163)]
[339, (408, 170)]
[340, (358, 209)]
[341, (310, 215)]
[342, (279, 205)]
[343, (198, 206)]
[344, (128, 203)]
[345, (67, 209)]
[346, (40, 204)]
[347, (15, 196)]
[348, (17, 180)]
[349, (26, 179)]
[350, (56, 181)]
[351, (144, 212)]
[352, (215, 178)]
[353, (273, 179)]
[354, (339, 181)]
[355, (386, 185)]
[356, (405, 186)]
[357, (424, 189)]
[358, (438, 165)]
[359, (391, 188)]
[360, (348, 189)]
[361, (282, 183)]
[362, (239, 192)]
[363, (155, 223)]
[364, (71, 186)]
[365, (56, 183)]
[366, (54, 180)]
[367, (38, 180)]
[368, (61, 180)]
[369, (154, 211)]
[370, (228, 178)]
[371, (339, 181)]
[372, (359, 185)]
[373, (403, 192)]
[374, (435, 172)]
[375, (414, 208)]
[376, (377, 217)]
[377, (321, 225)]
[378, (233, 235)]
[379, (195, 239)]
[380, (114, 251)]
[381, (72, 234)]
[382, (67, 244)]
[383, (117, 237)]
[384, (213, 218)]
[385, (301, 192)]
[386, (335, 188)]
[387, (353, 186)]
[388, (328, 188)]
[389, (240, 196)]
[390, (215, 205)]
[391, (108, 231)]
[392, (25, 228)]
[393, (2, 200)]
[394, (46, 238)]
[395, (205, 218)]
[396, (245, 225)]
[397, (289, 224)]
[398, (323, 206)]
[399, (336, 194)]
[400, (237, 203)]
[401, (207, 212)]
[402, (111, 254)]
[403, (80, 242)]
[404, (77, 195)]
[405, (231, 193)]
[406, (300, 189)]
[407, (367, 207)]
[408, (380, 198)]
[409, (356, 201)]
[410, (336, 206)]
[411, (226, 220)]
[412, (126, 265)]
[413, (71, 238)]
[414, (16, 237)]
[415, (35, 214)]
[417, (211, 222)]
[418, (299, 196)]
[419, (315, 201)]
[420, (337, 199)]
[421, (324, 196)]
[422, (269, 197)]
[423, (188, 198)]
[427, (237, 178)]
[428, (343, 199)]
[429, (367, 208)]
[430, (391, 204)]
[431, (405, 235)]
[432, (397, 221)]
[433, (375, 209)]
[434, (341, 210)]
[435, (242, 211)]
[436, (200, 213)]

